10

5
1 4 7 8 0

10
15 20 8 28 16 27 17 27 10 12

15
17 22 20 21 29 6 10 25 20 4 9 21 14 26 23

20
26 25 20 1 2 16 9 24 19 11 12 28 7 20 20 12 9 2 16 13

25
7 4 9 18 7 4 13 5 7 14 3 14 15 19 4 15 11 25 12 7 14 12 4 10 23

30
4 11 16 17 24 16 10 16 29 27 21 18 8 6 5 16 20 26 24 21 15 21 12 26 26 6 8 8 22 2

35
3 29 2 19 7 0 5 11 10 20 13 17 1 12 29 26 28 6 24 18 11 26 16 10 22 25 19 3 0 29 7 27 16 17 6
40
9 13 16 9 13 24 7 0 29 12 12 12 3 29 27 20 14 20 16 8 2 9 15 24 7 11 16 23 9 5 6 28 9 27 11 10 3 18 5 20
45
12 21 1 20 2 25 11 20 14 23 8 3 28 10 22 28 19 5 20 1 5 1 19 1 20 22 1 0 24 10 1 6 25 27 27 19 13 14 21 21 28 0 3 5 29
50
10 27 17 5 19 27 9 14 25 0 9 19 12 5 15 5 19 17 14 18 2 10 13 13 12 21 4 21 21 27 28 21 20 10 25 10 28 9 23 20 17 6 24 15 13 27 18 19 0 14


[출력]
#1 0 1 4 7 8 
#2 8 10 12 15 16 17 20 27 27 28 
#3 4 6 9 10 14 17 20 20 21 21 22 23 25 26 29 
#4 1 2 2 7 9 9 11 12 12 13 16 16 19 20 20 20 24 25 26 28 
#5 3 4 4 4 4 5 7 7 7 7 9 10 11 12 12 13 14 14 14 15 15 18 19 23 25 
#6 2 4 5 6 6 8 8 8 10 11 12 15 16 16 16 16 17 18 20 21 21 21 22 24 24 26 26 26 27 29 
#7 0 0 1 2 3 3 5 6 6 7 7 10 10 11 11 12 13 16 16 17 17 18 19 19 20 22 24 25 26 26 27 28 29 29 29 
#8 0 2 3 3 5 5 6 7 7 8 9 9 9 9 9 10 11 11 12 12 12 13 13 14 15 16 16 16 18 20 20 20 23 24 24 27 27 28 29 29 
#9 0 0 1 1 1 1 1 1 2 3 3 5 5 5 6 8 10 10 11 12 13 14 14 19 19 19 20 20 20 20 21 21 21 22 22 23 24 25 25 27 27 28 28 28 29 
#10 0 0 2 4 5 5 5 6 9 9 9 10 10 10 10 12 12 13 13 13 14 14 14 15 15 17 17 17 18 18 19 19 19 19 20 20 21 21 21 21 23 24 25 25 27 27 27 27 28 28 
